Updated times in ms:
[0.0, 0.10066320193037274, 0.30198960579111794, 0.6039792115822361, 0.8053056154429815, 1.0066320193037268, 1.5099480289555902, 2.013264038607454, 3.0198960579111804]
Updated times in machine time:
[0.0, 0.041231647510680675, 0.12369494253204191, 0.24738988506408394, 0.32985318008544523, 0.41231647510680647, 0.6184747126602097, 0.8246329502136132, 1.2369494253204194]
t_w:0.0 ms 
t_w:0.0 machine time 
[0.9986957553869629, 1.0119582193513155, 1.0113661216383332, 1.0132358800252086, 1.0147999277133457, 1.0159256138617614, 1.0108663360950496, 1.000332865036056, 1.0021627725032594, 0.9966194112893043, 0.9924175168351452, 0.9989957566736313, 0.9930148984667571, 1.0029392260373298, 1.006754659990081]
t_w:0.10066320193037274 ms 
t_w:0.041231647510680675 machine time 
[1.001784144382917, 1.0149125519222817, 1.014564321181559, 1.0167209222028424, 1.017722277409701, 1.0190898066000906, 1.0144557016393043, 1.0034849153184529, 1.0050074038725443, 0.9991596126843563, 0.9953263737522458, 1.0024920729418076, 0.9954357996170687, 1.0066122294689854, 1.0101593725763325]
t_w:0.30198960579111794 ms 
t_w:0.12369494253204193 machine time 
[1.0079609223748254, 1.020821217064214, 1.02096072026801, 1.0236910065581095, 1.0235669768024114, 1.0254181920767493, 1.0216344327278135, 1.0097890158832468, 1.010696666611114, 1.0042400154744602, 1.001144087586447, 1.0094847054781602, 1.000277601917692, 1.0139582363322968, 1.0169687977488358]
t_w:0.6039792115822361 ms 
t_w:0.24738988506408394 machine time 
[1.017226089362688, 1.0296842147771121, 1.030555318897687, 1.0341461330910102, 1.0323340258914773, 1.034910770291737, 1.0324025293605774, 1.0192451667304374, 1.0192305607189684, 1.0118606196596163, 1.0098706583377488, 1.019973654282689, 1.0075403053686272, 1.024977246627264, 1.0271829355075905]
t_w:0.8053056154429815 ms 
t_w:0.32985318008544523 machine time 
[1.0234028673545965, 1.0355928799190444, 1.0369517179841383, 1.0411162174462776, 1.0381787252841876, 1.0412391557683955, 1.0395812604490866, 1.0255492672952313, 1.024919823457538, 1.0169410224497202, 1.01568837217195, 1.0269662868190415, 1.0123821076692505, 1.0323232534905753, 1.0339923606800938]
t_w:1.0066320193037268 ms 
t_w:0.41231647510680647 machine time 
[1.029579645346505, 1.0415015450609766, 1.0433481170705896, 1.0480863018015447, 1.0440234246768982, 1.047567541245054, 1.0467599915375958, 1.0318533678600252, 1.0306090861961077, 1.022021425239824, 1.0215060860061513, 1.0339589193553942, 1.0172239099698739, 1.0396692603538866, 1.040801785852597]
t_w:1.5099480289555902 ms 
t_w:0.6184747126602098 machine time 
[1.0450215903262758, 1.0562732079158073, 1.0593391147867177, 1.0655115126897128, 1.0586351731586745, 1.0633885049367002, 1.064706819258869, 1.0476136192720098, 1.0448322430425319, 1.0347224322150839, 1.0360503705916544, 1.0514405006962755, 1.0293284157214324, 1.0580342775121652, 1.0578253487838551]
t_w:2.013264038607454 ms 
t_w:0.8246329502136132 machine time 
[1.060463535306047, 1.0710448707706377, 1.0753301125028458, 1.0829367235778806, 1.0732469216404508, 1.0792094686283464, 1.0826536469801418, 1.0633738706839946, 1.0590553998889563, 1.0474234391903439, 1.0505946551771574, 1.068922082037157, 1.0414329214729907, 1.0763992946704437, 1.0748489117151134]
t_w:3.0198960579111804 ms 
t_w:1.2369494253204196 machine time 
[1.0913474252655888, 1.1005881964802988, 1.1073121079351023, 1.1177871453542167, 1.102470418604003, 1.1108513960116388, 1.118547302422688, 1.0948943735079637, 1.0875017135818046, 1.0728254531408634, 1.0796832243481633, 1.1038852447189198, 1.0656419329761075, 1.1131293289870006, 1.1088960375776296]
